# 3D point list with one line of data per point:
#   POINT3D_ID, X, Y, Z, R, G, B, ERROR, TRACK[] as (IMAGE_ID, POINT2D_IDX)
# Number of points: 372, mean track length: 2.196236559139785
257 4.034190383332553 -13.619048715667478 39.338204226667138 30 12 39 0.28965029376351636 5 652 4 925
256 4.2073676226129013 -13.787298815610505 40.271150622261359 160 144 144 0.51574401257750102 5 651 4 916
255 12.348765691740386 -14.699541240676121 43.409222818105611 162 51 60 1.2859273004362861 5 649 4 901
254 7.4129783045011921 -17.117636106873519 50.085362864395648 94 3 14 0.6496765148562037 5 648 4 914
253 3.9337369440067516 -13.00093390890178 40.471718790549808 205 192 229 0.72356819336707345 5 640 4 715
252 4.0322857319256329 -12.908115742896143 40.831978986634432 23 12 43 1.1317262676936282 5 639 4 712
251 10.788907758374172 -14.708068678790655 44.175709006921117 211 209 214 1.5416309468126772 5 629 4 911
250 17.749738723005578 -7.0296608559094462 54.014936823708474 143 143 141 1.4087140840068537 5 619 4 584
249 13.476953717830558 -19.35915678644076 44.347020069745405 96 56 62 1.2081798835093009 5 609 4 1126
248 0.0458348956250485 2.9091746434938508 69.127209491120993 105 121 108 1.4723141385997152 5 599 4 770
247 1.4104928018655656 -12.489411026836114 47.631714856058693 73 8 7 0.74436037196845239 5 595 4 866
246 16.13949145878777 -10.906562939805836 42.525173789175454 37 136 142 1.7439403947367302 5 594 4 621
245 7.9751417210715703 -9.5602581364613073 38.33473612494403 225 251 250 1.5484747569679915 5 592 4 477
244 3.0726815107267527 -10.380267993924837 43.205701084480225 218 195 247 0.82629738935523822 5 582 4 482
243 2.8913147304347344 -10.363933147034912 44.103003033383473 70 15 71 0.0018745115546795685 5 578 4 853
242 9.3449416147136208 -11.782989726777423 41.283655930481238 0 0 47 1.0066902228077055 5 560 4 954
241 1.2532603212826898 -12.832220589016719 46.094260038265737 85 6 6 1.1142149417549243 5 556 4 640
240 -1.55053763315702 -11.665913130455397 42.525913254991409 220 213 218 0.13423310617422138 5 553 4 473 2 634
239 -3.5379603341608767 -1.3219954898356059 46.518343266160272 95 50 19 0.85516417611845719 5 543 4 754
238 15.439203243099616 0.84646738656593701 61.901238771348389 19 14 6 0.6297448740033269 5 540 4 740
237 2.1240876860406339 2.5960160319147931 67.344753288254466 163 102 72 0.91357048335864344 5 532 4 418 2 1097
236 0.0025065910328097019 -4.6443600251315846 42.179082626058189 43 106 98 0.56104545468109601 5 531 4 600
235 0.005796760711248794 -4.2024298430060103 43.238318415031067 57 130 123 0.16737094564205293 5 526 4 840
234 2.2753146629512204 -4.600432285259676 47.553228223246293 8 0 0 0.93379213678173301 5 525 4 599
233 11.109713351382236 -4.4571794243253997 48.973936003092632 114 79 73 0.30089181937358883 5 524 4 617 2 855
232 -2.3438770487276805 -3.462785750662067 42.074175462364209 141 213 208 0.053261912894478888 5 523 4 377
231 6.7426150086345196 -3.9999023617915981 46.852667396504422 68 7 4 1.6400769718382131 5 522 4 335 2 364
230 8.8287676212242143 -3.0920772585222087 48.433190914958224 130 67 50 1.7126396013427159 5 519 4 992
229 7.8842174681790418 -2.3802360667718947 48.752220580619415 116 63 35 1.1205879267808787 5 517 4 384
228 20.580948027954577 -2.9584197555230558 61.682759793850977 169 181 179 1.1547431041738938 5 516 4 1957 2 861
227 13.248082002330023 -20.361559017271347 43.124675118176306 172 116 125 0.79118804564096601 5 515 4 452
226 16.69194447610375 -9.2776527750656328 54.864415244901281 17 19 18 0.79968128556830187 5 511 4 994
225 -1.7734117884934788 -6.1266693215296941 40.067473979612259 40 55 60 0.29628012524502456 5 510 4 563
224 7.1417789821237365 -2.3883607326257712 50.282699915330205 134 77 48 0.044173456888235547 5 506 4 557
223 5.765382214805733 -5.6310675490743662 42.353091833603216 77 16 15 0.53569820389314993 5 505 4 581
222 -4.6467326326557732 -4.4080568127571791 35.030744491972925 32 52 61 0.85128021505365581 5 504 4 792
221 10.044469073343887 -5.929137443520422 45.527813938371054 154 143 137 0.50846294919569834 5 503 4 583
220 0.33306893976807639 -5.2073736446467365 41.689180913292489 86 134 136 0.44875627489063391 5 502 4 606
219 2.0911782127141474 2.0703922487573601 64.881158001759218 2 19 32 0.14703015769680644 5 496 4 776
218 19.934575233087294 2.2603617266624183 65.484334795993306 17 4 0 0.62165557331181343 5 495 4 787 2 474
217 18.194396886438714 2.3442685719297498 66.050370314796069 37 20 10 0.75562408377044288 5 492 4 542
216 22.75953536921245 2.7170881535825337 65.388878567847883 94 43 0 0.70096166019431116 5 491 4 784 2 473
215 0.94815105793298526 5.7890133499046117 73.829100295215241 76 80 65 1.8514192614040677 5 485 4 551
214 19.813473334466327 7.1273743149070672 66.486044872200651 77 82 76 1.0804849500983804 5 483 4 422 2 335
213 21.394281882232455 3.1430239678416507 66.117736966041235 118 74 27 0.53361625925710066 5 480 4 533
212 21.667888032922125 -2.474324376934848 61.3228216705389 169 185 184 0.28549654566532445 5 478 4 383
211 21.080694072772676 -2.1087807793437019 61.750463227624564 182 191 190 0.28834341524928769 5 477 4 558 2 538
210 -5.0559946986283526 -0.015657363120145984 49.256132084900322 144 128 114 0.16715930476815849 5 470 4 1106
209 2.9127039753559187 0.73947638685489525 52.072140636405386 9 11 10 0.24844454867012711 5 468 4 537
208 7.5024973971167697 0.88877664317663141 64.321004058975205 4 95 93 0.3394831208496269 5 465 4 534
207 17.256725456790058 1.3668799437079475 62.965018896757982 48 35 28 0.68761880963538591 5 463 4 543
206 16.114308376067186 -0.6513028115190147 63.437266748915363 63 41 20 0.078075806384171012 5 462 4 564
205 13.133632119224863 -13.901236930544947 43.03326843038073 254 207 205 0.30280894892589527 5 458 4 358
204 10.001564935863222 -13.371870631221087 44.094718504803225 197 197 251 0.07610144081067019 5 455 4 518
203 9.1076684996252659 -12.618669989493256 42.19842458510746 21 22 76 0.38501001549531011 5 452 4 706
202 14.275588195532983 -20.051295824007131 44.117956063967213 77 64 71 0.0016068459377160075 5 444 4 611
201 12.618125918762477 -19.020585678626162 43.607168409597733 83 16 27 2.2402486455799488 5 443 4 503
200 11.654424330436296 -17.319435536133938 45.555210079881306 225 243 253 0.4774849005707818 5 439 4 494
199 10.792817917571011 -16.996714536533066 46.447164956542707 6 10 37 0.38293748945394268 5 437 4 488
198 10.845398010294847 -17.011463575266333 47.400518950930305 216 125 142 0.52406047431916769 5 434 4 498
197 17.328161145718717 -15.050847423923036 42.318557158895764 194 216 230 0.72229989548811269 5 433 4 438
196 17.35242498696234 -14.71767109580866 42.261156767471938 39 63 75 0.63557424623337222 5 432 4 532
195 7.517378595578708 -17.421906779500709 50.08518764468981 250 214 213 0.56000474420077873 5 431 4 527
194 9.990303156749718 -15.314860786423656 44.937517690069441 177 92 99 1.7279742227211088 5 429 4 525
193 1.4458043834028542 -10.616240897764818 43.685270848087121 219 219 245 0.1215026244453504 5 426 4 347
192 3.6882456826137808 -10.422334904833267 43.578947713561867 31 15 65 0.8761516253904964 5 425 4 483
191 2.6581803453557549 -10.051067880774953 43.647983480861505 215 116 130 0.58105520535787902 5 421 4 338
190 13.790905313727766 -9.7641248383416137 42.85576815103078 177 253 247 1.7674221459657518 5 420 4 484
189 6.3070449676921676 -8.8141876501166099 41.013180812913625 3 4 34 1.8746937099593999 5 416 4 468
188 -2.0104272440412361 -7.7070782909302551 40.692966700947572 171 194 218 0.54672530927109153 5 411 4 366
187 2.40575006415727 -9.7425810154369881 43.636218508724234 159 46 64 2.1864086460681547 5 410 4 251
186 0.63600807929536485 -12.008903720614978 44.546242858151729 135 9 11 1.5241534985454377 5 403 4 339
185 8.6782010813694477 -8.7530138816251384 36.869862416398405 85 129 123 2.4231543940984732 5 401 4 480
184 7.8129346625308438 -9.6261907119757151 37.686870291839092 2 45 97 0.84437298572787567 5 399 4 475 2 425
183 4.7045003347301968 -11.515719294271042 44.78011781290175 194 184 234 0.38900517963924297 5 398 4 591
182 3.6944705194417184 -12.248689511940858 47.671892384211311 132 32 50 1.0828435253308875 5 397 4 344
181 10.700449971365916 -27.296072655593278 50.150704483393952 7 12 34 0.53101527530973236 5 388 4 435
180 19.221053760374573 -5.7744546920250546 65.073622342041617 197 193 192 1.770016697329037 5 385 4 838
179 -6.1388086413687839 -2.8489087788027581 40.853407862145666 251 255 255 1.0601638638676492 5 384 4 225
178 19.533426859626381 -3.1018466479393627 62.786607993721603 15 11 11 0.51912696134438241 5 382 4 432 2 276
177 -2.1662612758549695 -0.92527266976518141 50.688913251225571 164 142 121 1.1413628157152187 5 378 4 282 2 245
176 14.671216432929114 -0.068900129794780218 61.509782277647808 39 34 30 0.95388326839382787 5 375 4 394
175 11.913489515215371 -4.8661992118969977 49.414312795037141 63 8 1 1.1665306483719309 5 374 4 601 2 1213
174 17.057696968417456 -7.0364290403928962 56.242243049385721 18 17 15 2.5212718276607333 5 370 4 323
173 5.1321861173433412 -5.8373470519742003 44.500446919731964 92 16 35 2.1921005427229341 5 368 4 310
172 2.2406211269207268 -5.7462901760252532 41.558043817102941 16 54 55 0.30930171352870001 5 367 4 258
171 6.8225345412621463 -6.5615564855610007 39.522253068551642 3 17 46 0.77341156167399217 5 362 4 397
170 22.109132192002235 -0.3381052021769293 63.005145232248267 85 69 59 0.2759417330532079 5 360 4 553
169 8.6360205287093343 3.3541588856773989 72.387123582324321 68 113 108 0.57500490492523049 5 359 4 419
168 10.741192775818888 -5.1496733245170354 47.417627676300931 69 20 15 1.1578008287572261 5 356 4 408 2 516
167 2.4789424090007044 -7.0934532349612045 40.589491705315695 39 4 1 0.48429412982534653 5 353 4 320
166 7.643466806306229 -6.2976869500318813 40.890089745750281 0 5 28 0.68373848028366302 5 352 4 321
165 18.373610317025815 5.5434476104402197 66.864223421767832 27 20 12 1.3741026383763204 5 347 4 548 2 334
164 24.995386205884838 3.7055705413706859 66.655873121145177 122 66 16 2.2699237409835615 5 345 4 303
163 7.1029469615583487 3.0318759178040362 66.289125389244163 116 191 184 0.080050190851949393 5 343 4 546
162 6.7935220180306013 2.3799366715188004 65.884044916978809 5 9 12 1.7182398026927452 5 340 4 304
161 18.405497518521436 2.0768450733235415 63.422634316296666 8 6 2 1.0003251105187092 5 339 4 539
160 15.693004744118209 1.6536542372176504 63.085217137834519 43 35 30 0.45502372353245579 5 338 4 535
158 7.0223589018771246 -16.779909880374248 49.522835727820883 115 14 22 1.167268458131494 5 328 4 277
157 -3.0359323671910561 -12.461150025968847 39.572350677266485 55 50 54 0.53036108258011616 5 323 4 364
156 9.8914235919856068 -14.217035463094099 45.503595351453079 132 125 183 0.29060426241360071 5 322 4 280
155 11.267934093562154 -13.563650425404461 43.636143958618668 207 142 153 0.76254072072271106 5 321 4 361
154 11.037209795883467 -13.614894543368012 44.209341496881429 83 13 28 2.2835312613889247 5 320 4 362 2 312
153 11.48243474978198 -13.004101757302577 43.173358336784339 175 113 118 0.79962069068296615 5 319 4 365
152 8.5080652606449014 -12.638145077905683 43.597951082691765 3 9 20 1.2005714192467507 5 314 4 151
151 10.985734121325279 -12.92734866398491 44.743809929663016 22 7 40 0.10696525796062868 5 312 4 646
150 -2.0009499207800774 -10.712667333765232 43.710394919371367 26 23 32 1.5940864031907431 5 310 4 240 2 202
149 2.9469340784347366 -12.492718362410406 47.524909755252175 116 15 17 1.2816233196797984 5 308 4 232
148 0.41764667802345778 -10.372614856575098 43.728120688105918 189 197 215 0.46848144981458523 5 300 2 141
147 6.9719899043292681 -8.7373879950158564 39.565787075690842 1 30 32 1.6984010090551509 5 298 4 247 2 139
146 10.991072330401053 -26.411637572145793 49.605726529258291 12 14 39 0.21663006752591157 5 297 4 255
145 -0.7064833734006446 -8.5313702918265104 41.31492338701576 136 129 133 2.4494770162920014 5 296 4 353
144 5.3894339325305216 -9.3887083240705369 43.1887240128112 9 0 26 1.6843649906854221 5 295 4 252 2 134
143 3.3748176319060708 -8.5636469765724552 40.600324671960166 199 132 139 1.036181425470859 5 292 4 352
142 13.137781813587139 -20.718853935057638 41.296499599281674 158 148 146 1.7565611093810929 5 290 4 449 2 371
121 16.260908457548261 -10.228789835002203 48.440018236331682 158 161 166 2.9321275057827942 5 249 4 250
122 14.857639488374403 0.79125643675869328 60.406110626702194 35 30 32 0.55787120781085919 5 250 4 297
123 21.638631444588846 1.8603097512546094 63.755841601718046 123 76 16 0.30301361847767566 5 251 4 190 2 116
124 21.43277705707256 2.4733588270099327 65.407396825706272 11 6 1 0.19010565933827597 5 253 4 298 2 228
125 20.416372268118508 2.5600200234603276 65.079129022700329 123 74 19 1.0130157137864866 5 254 4 414 2 243
126 22.305246726618375 3.1641115593260336 66.888238358694309 104 57 21 1.3867848548349497 5 255 4 300 2 472
127 2.3605406782672862 3.2872737782496992 66.11755927209731 13 17 26 0.59383626571104109 5 256 4 199 2 110
258 17.468069628040016 -15.901948117764389 44.039237694373377 192 214 229 0.82131966825440328 5 654 4 676
1 5.160992471025045 -9.6909848955927895 38.690479937389668 20 17 45 1.0000819539592316 5 2 4 2
259 0.63079753275223727 -0.40365677004544054 47.658414377873974 4 3 1 1.7542756384923197 5 660 4 746
2 2.6793317826123277 16.446426050592073 59.068230777786859 67 49 37 1.8499991062485146 5 4 4 3 2 7
260 13.419020061756065 -0.93866909395744469 55.998075272165067 66 6 0 1.0648789672166687 5 662 4 1981
3 4.0933096805088525 6.6253185810812818 68.650787745262988 11 11 13 1.4704460034318885 5 7 4 6
261 -2.265125675284283 -2.4050503144530175 45.413498454743326 84 19 1 2.0304664165588586 5 669 4 559
4 4.862070443794968 -0.53143677993401695 58.862287256675778 6 6 6 1.1444571209626739 5 12 4 15
262 7.2782670796529176 -3.3642570034911943 48.006733469157119 58 3 0 1.1878077492028076 5 675 4 459
5 8.6133608738487037 -6.6594542904047707 38.645109402989661 5 13 36 0.79160640166429952 5 14 4 13
263 17.294186983037349 -4.869798135764734 58.397168061118848 4 6 3 0.84584561323147156 5 677 4 841 2 811
6 2.3499807782388946 11.235833611397409 66.224477511525592 123 111 97 1.9203607682789607 5 15 4 16 2 11
264 7.9919965443492433 -3.8497956067809138 48.37385406228934 63 10 4 0.89328887666066648 5 679 4 829 2 1670
7 6.4939976262319048 -11.112745583894746 39.779300563199072 4 8 17 0.76866584703674656 5 18 4 17
265 2.5151947227842917 -4.3035354480565573 47.190364019959482 146 136 119 0.16866775115219135 5 682 4 596
8 10.217842166022571 -0.26309454379143671 59.345046568069321 80 9 5 1.0303016084248466 5 20 4 25
266 2.2019110874538499 -4.8445819600214808 46.858045737907197 157 152 146 0.46680359347948175 5 685 4 695
9 -1.6694863634674708 -8.0795546339603526 42.455292202307845 176 201 221 1.1892318612180732 5 21 4 18
267 7.7549136456479015 1.3566902526977149 65.323485482822193 1 12 30 0.29051093620241764 5 706 4 786
10 13.801227962153263 -18.660001914962425 46.163230646843701 57 5 7 2.0952629642509999 5 22 4 19
268 1.5200975419789684 1.1195854348997119 64.35900133045962 0 23 45 0.55242043496797288 5 709 4 781
11 13.715201566832391 0.64730439020427566 62.66901004243487 126 116 104 0.54569174548889809 5 28 4 36
269 7.5701015025594804 0.44036545994569753 64.490145349846117 0 4 3 0.17302952440076036 5 713 4 968
12 18.73568214431484 -6.3880878435719186 62.39515689002463 151 147 142 1.1572973070995525 5 29 4 49
270 0.51820181365247531 -7.4689529737234945 40.096495823193152 121 14 8 0.13427698236657945 5 728 4 879
13 4.4865654320550892 -8.0409424458962953 40.712841348011807 16 9 17 1.8492285488106219 5 30 4 24
271 -1.0620157526859026 -9.2062154630417528 41.583900522648932 34 17 33 1.1458240223957672 5 733 4 895
14 15.204907279444438 -9.6790498065640627 47.87245463846812 7 7 5 1.4280416297427196 5 31 4 44
272 3.5058161734914912 -8.865924353943905 40.527761650714254 56 2 27 0.85335950404355598 5 734 4 466
15 7.0593592715706093 4.5348250984873957 69.411238795682848 152 140 128 1.8049517425473112 5 34 4 76
273 11.37752825786281 -8.5803132890207721 39.382545682947423 20 86 84 2.2540276704359474 5 741 4 485
16 20.246984885722913 3.1618745543481981 65.562249370756518 118 72 22 0.8830530924658343 5 35 4 79 2 50
274 16.922082255430144 -6.7424291701602641 54.037347968780722 152 156 157 0.56379543621718164 5 751 4 800 2 1156
17 16.15376498417854 -7.1691362378948931 52.739364685239806 16 17 17 2.3365373717211138 5 39 4 70 2 55
275 3.324569428849891 -5.9012223971595876 40.487644427075011 34 55 58 0.39078110133569899 5 755 4 803
18 -1.3778299910145071 -5.6371732918689492 37.572906373987337 38 53 58 1.902007167683724 5 40 4 27
276 -2.8559397329839697 -4.4602887754740461 35.365584644877437 165 205 207 2.5821592416372909 5 757 4 405
19 5.1945872595370428 -13.295928070611561 47.374733084970202 31 15 23 1.7537220331219714 5 41 4 41
277 -2.5644036096675782 -9.1341865989196851 42.471331946169698 69 71 70 2.2956448632007476 5 776 4 651
20 3.6849788244007211 -12.840051858349046 43.045158683468834 28 17 52 2.1403495043496155 5 42 4 30
278 -1.163300703916736 -8.2247751663139752 40.36471178511573 197 219 242 1.0973930252122319 5 822 4 461
21 15.008557001376172 -19.043682917269205 45.379251373643569 155 158 165 2.0650585134450443 5 44 4 40
279 1.342250774916752 -7.7786105963454624 39.675136297338668 255 172 178 1.3808160226221915 5 826 4 1202
22 -3.3729863834623632 -12.078120263102269 39.583942653827748 53 51 56 0.18283580333160609 5 48 4 53
280 -2.2575072467192543 -7.8203223560411015 40.802380338414672 121 116 113 1.5928194113925302 5 828 4 881
23 13.670499618164239 -20.715692135354153 42.32780936606396 66 18 16 1.9896823163849189 5 49 4 69
281 8.5311972637549793 -7.7537349061914078 38.252378724697373 0 18 13 0.87860279087296811 5 831 4 894
24 -0.24953080639538516 -11.265735461656517 42.091000129325479 153 134 119 0.0069563677776847636 5 50 4 60
282 4.1043058488823281 -6.9703596885590038 39.798852181233521 0 19 10 0.77837060198451824 5 835 4 1493
25 0.36500142104945255 -11.214902895284188 44.284512720462907 99 9 11 1.2622117876697319 5 51 4 71 2 60
283 -4.3661932358144737 -12.23526073013694 38.101557690698371 77 66 60 0.31082251569411562 5 844 4 1300
26 11.93980230359433 -14.979844081920261 44.894375244319626 131 16 21 1.6578053457204218 5 57 4 64
284 -2.8462116058029796 -12.549634230618205 40.061529128713936 147 139 132 0.78174969986963716 5 853 4 707
27 12.255418204975808 -8.6845088699412347 42.740001300261355 6 127 125 2.2767765736984193 5 61 4 95
285 7.0185724810827468 -0.59946307864894632 60.715082475080955 5 1 0 0.73781884910626516 5 919 4 982 2 732
28 2.0125012302840868 -7.1546271318081036 40.341453746311679 74 16 14 1.38976936918048 5 63 4 37 2 40
286 6.7998841839883664 0.10883476787391988 61.956793757197374 0 0 0 0.42486809910158735 5 929 4 1366
29 -0.092583058798512585 -7.0952432464613455 41.562714726544051 85 7 4 1.6809113530082271 5 64 4 45
287 2.3139282350530026 0.46975934136075981 60.768479672929367 99 103 105 2.5076270225870125 5 933 4 735
30 1.7182439483073317 5.2147233155023045 69.025634860611717 14 18 16 1.2820141438644654 5 65 4 72
288 11.867766886593213 0.67000610935030491 59.150246233419594 152 109 100 0.54960376499277364 5 934 4 1368
31 8.9478244669601779 4.3933322044058318 71.248315950673444 41 54 37 0.96995528715095092 5 67 4 77
289 21.163293918642875 -2.389516237853468 61.023919748773807 5 16 19 1.4879618190218717 5 944 4 988 2 839
32 17.521329430885757 3.6317463989912486 70.267364932284039 42 32 23 1.7849805505155918 5 68 4 78
290 0.70816570210719609 -1.5519744131280431 51.123873102426302 171 169 170 0.76689220085938159 5 946 4 1350
33 7.5988207634537224 -0.13898766527763629 59.121024585153251 126 133 126 1.966190919040345 5 71 4 38 2 38
291 -0.35702222380492366 -0.57570449648745403 51.438223849362053 9 1 0 0.51761959825122483 5 955 4 745
34 1.551196994967702 -0.71771764124156134 56.767716013587368 29 30 34 0.74197661067589482 5 72 4 123
292 2.8405648786572506 2.8156503841689728 62.312834698107267 51 55 58 0.24810857245031553 5 977 4 773
35 20.421931534906122 -3.5156755535141846 63.349407042109547 222 198 92 0.53261753440247372 5 74 4 81
293 1.5763043529113467 1.426820953622157 61.942297686350557 27 122 136 0.15606214433659432 5 978 4 1019
36 15.924885351590081 -9.1671306558270036 53.896794230730926 25 27 27 0.18948214378203782 5 75 4 96
294 1.9645005863877616 1.7462144479253894 63.072556159720435 66 122 131 0.061251330690321515 5 980 4 1449
37 0.0088202714692435791 -6.0616620054695387 41.23545818887019 96 167 156 0.55284078080669341 5 77 4 84 2 81
295 6.8595349358141027 1.9131204839967384 63.942906014315028 2 2 2 0.59816326088639737 5 982 4 1442
296 22.356575380079342 2.8937416149200512 67.167660515212717 107 72 40 1.1162444334883257 5 986 4 1022
39 11.136829158708597 -8.0478988327653607 41.221274879121971 138 255 255 0.045583083848054387 5 83 4 138
297 0.13680575867534506 3.3001546630220862 68.338593356840121 126 148 135 1.2184839306194397 5 988 4 769
40 7.4841686599502202 -8.5985040909182651 38.641368033147756 19 107 62 0.75299435997052899 5 84 4 93
298 1.7705157276485814 3.5934964892536945 66.505434522976003 100 107 99 0.69798794325551339 5 991 4 767
41 12.669931425177793 -9.3677937684374193 40.47343150526698 37 112 104 0.61147331276828942 5 85 4 158
299 6.2576792115965203 4.0113165909113668 66.418774110711084 4 6 1 0.34951074906852708 5 993 4 2812
42 6.1191882715065891 -9.6858410993500552 40.669802537083307 1 6 37 1.2121171215180109 5 86 4 90 2 95
300 0.85841352408004012 4.8182657952593813 70.017125097890514 105 97 76 1.4208849404980288 5 995 4 993
43 6.9351060864086413 -10.101335061311264 39.53271754071563 1 3 15 1.1441635131662982 4 113 2 43
301 16.818765332681981 -7.4864869791576005 54.852753397499704 12 13 15 0.76830566150800317 5 1013 4 1039
44 8.6549499604705886 -29.915279544740205 53.219676508098892 154 144 134 0.17375402650120375 5 90 4 146
302 7.3811244808064016 -6.6386715325879404 40.838684772361027 44 103 117 0.21309711604256631 5 1091 4 1053
45 12.383394780768736 -16.809913906253822 44.967315232087252 55 13 13 2.0810311328746525 5 94 4 68 2 65
303 15.918689484799838 1.0631087018756862 62.991282683322623 64 59 53 0.46093972757665613 5 1092 4 970
46 13.685854338033895 -16.751305146693173 45.492217295526125 163 97 107 2.48205840065877 5 95 4 137 2 122
304 1.1720555473227998 -7.7336387620932499 40.618109847004341 194 83 88 2.3434883830656315 5 1095 4 884
47 11.313594888315542 -16.331550993507282 44.983708356620618 26 15 23 0.88895065180247634 5 96 4 139 2 123
305 0.7461068644150104 -1.3330769948550933 51.627716246243821 15 9 10 1.5875353683961504 5 1097 4 983
48 11.12062694972877 -15.452688515322608 45.178749633703447 164 180 184 1.3370550282771665 5 98 4 156 2 124
306 2.1078274727118163 3.7577179450120761 67.447253454118353 7 15 18 0.67413193887671508 5 1099 4 1014
49 7.9417676057925304 -16.560782954717595 48.84852023235706 94 13 10 0.86701518179170445 5 99 4 110
307 -1.3558414183852272 -9.6293846329368211 42.159481355890726 40 54 76 2.5748268748199359 5 1127 4 1187 2 3202
50 -3.9904316649515952 -12.130356644072464 38.30283075907257 50 53 58 1.0147776856432671 5 100 4 106 2 132
308 1.5753177762686801 -9.409117947993499 41.4886036834531 143 14 36 0.19459316342499378 5 1138 4 844
51 4.8868254794484134 -6.9506134199707947 41.030886255408817 223 251 251 0.29285532751416909 5 102 4 88
309 8.6099445260373599 -9.4059076762255902 37.648112057871188 230 249 254 0.62111369184112908 5 1169 4 1717
52 21.257701507908973 7.2315257191347397 66.331379163108025 107 101 87 0.53676845318810928 5 103 4 116 2 71
310 7.0817811163170488 -6.9694317183522898 40.579974503969133 0 9 37 0.085272372819914843 5 1189 4 1494
53 19.85065692006253 6.5169200423683789 65.906344458981295 73 86 79 0.2179615212935129 5 104 4 117 2 109
311 -2.2817613618162316 -6.4590713944578075 39.051953765660585 152 140 128 1.460401998572193 5 1192 4 2286
54 14.650313483024554 -0.95653772397108727 60.076658393337084 141 124 98 0.298448159377666 5 106 4 186
312 4.4425090267250047 -8.6331534237876646 44.663752318884491 105 90 93 0.55076086770142718 5 1231 4 1157
55 -3.2758708727326509 -1.2862192037036502 49.272778261108691 161 145 123 1.3201594097870502 5 107 4 124
313 -2.1063529731424024 -12.316267627218341 42.672869865312144 33 28 32 1.1241531073535702 5 1316 4 1587
56 7.9689970092956264 -1.6580891046430264 52.008873879537326 14 68 80 1.5729531884019348 5 108 4 126 2 102
314 1.6508174266284459 -13.216046374074766 47.622053873914481 90 3 2 0.66024297483637717 5 1330 4 1615
57 -1.1341520435765191 -2.0116428811314391 46.4433606171837 90 23 24 0.11907709378141024 5 109 4 127
315 9.7611721735442067 -14.071965447953797 44.22415549239399 75 0 8 1.7860961203729406 5 1354 4 907
58 -3.9452433699631095 -3.9267251930554554 43.021716118981608 65 149 136 1.0878863431058718 5 111 4 218
346 1.9729525844275133 4.0597719000587187 66.038044581089068 66 129 129 0.06857760339065036 5 2109 4 1482
89 11.747949567790315 -5.8174544023477628 47.786947021037093 68 11 4 0.68394093959114599 5 176 4 214 2 359
347 7.4502820685537428 1.1130068932885289 64.139514872572292 34 118 105 0.38301467434911174 5 2176 4 1436
90 -3.0223160372993947 -3.9672221248040449 43.35115426834993 102 123 17 0.57095477228708669 5 177 4 130
348 16.525059926165195 -6.1633397107497494 53.44015724844747 165 161 160 0.20330700534248231 5 2315 4 1540
91 11.250502563404353 -4.6233934338501701 48.875233986470263 79 61 52 0.22084632961755624 5 178 4 222 2 279
349 4.2500775490018015 -8.464303805695284 43.863329641864858 19 3 4 0.44982583160225853 5 2525 4 2953
92 9.3046230410612907 -3.6891354448725711 48.34170934569952 97 92 88 0.23163102021340612 5 180 4 219
350 -5.0429923419348448 -2.752521423709485 41.422502718575821 127 127 119 0.66383681534532346 5 2828 4 2706
93 -5.2477184265500121 0.061250796855857548 47.500841592197865 36 32 26 0.083321333941798109 5 182 4 191
351 7.2438632205985263 -2.1558241431117215 50.261962608279781 33 20 15 0.7092965627586334 5 2868 4 1945
94 1.2403041767248544 0.45219115722037473 65.998700741817672 125 206 209 0.91746934651899581 5 185 4 80
352 25.016916949883917 1.0306922522736339 64.565453401146499 204 199 195 0.84673457894608606 5 2884 4 2023
95 21.340742202044979 6.1561750596131217 67.382340952762448 25 5 0 0.63670437819696046 5 186 4 305 2 250
353 8.5663516562352378 1.01011683809699 51.970020575924238 161 145 133 0.40034444592162544 5 2890 4 965
96 4.8990268589472823 -12.378191834773864 45.94866512390859 16 3 13 1.7738921189660415 5 191 4 101
354 1.7499116117785583 1.8997748573625473 63.814633374728828 77 123 136 1.4162761022507073 5 2907 4 2816
97 5.7000732615772023 -14.455922159981275 47.098090793178947 221 218 219 2.3137833565998736 5 196 4 115
355 25.371285851697781 3.8073861199742085 65.378992084411735 108 116 118 1.5101489743333882 5 2911 4 2111
98 8.8608400131943483 -13.410788439655164 44.300408438317369 146 130 171 1.688995241850189 5 197 4 268
356 0.69982426267431075 3.5371396296396052 65.872457346048535 128 200 198 0.6266543251371498 5 2912 4 2105
99 10.242013681317072 -12.46009481896631 43.495189159317349 86 84 149 0.33416827989465381 5 198 4 371
357 16.239226307163385 -6.1502131806995326 52.292143663506877 37 36 36 0.76339758740004382 5 3103 4 3019
100 9.1723785589057183 -11.441662866714182 40.898337240505988 2 10 57 0.58716354203960108 5 199 4 237
358 12.122122780479952 -23.394943172681995 52.698298141742406 95 104 112 0.55293293337874283 5 3200 4 3498
101 1.4994635796933182 -12.888692081578956 47.637585941429286 183 132 127 0.10475112116795227 5 201 4 233
359 13.305613381292222 -19.774118997752545 42.54722666298477 44 1 1 1.5383553316032692 5 3206 4 1125 2 2170
102 0.92894536333892863 -12.015203024207359 45.853719337998442 167 143 131 0.91404670703353652 5 203 4 433
360 20.666134919660653 -4.3090378076137439 65.671554694486915 212 186 96 2.1825790070926976 5 3255 4 1375
103 8.9139751759943575 -9.4484680175247799 37.92200957213533 9 119 80 0.040457310720603809 5 204 4 231
361 12.700819527599442 -13.366597805638119 41.961282391670906 214 121 127 1.5184711012118486 5 3318 4 3388
104 8.0646867315316193 -9.0593296559476766 38.025870742585191 10 121 78 0.41873246984825696 5 211 4 227
120 15.983700026529824 -1.3152729531248555 62.090893027447621 11 3 0 0.073692701837798413 5 248 4 290
374 1.3739515160927949 4.7181872215266631 69.283296559506923 0 0 0 2.0190411875578587 4 259 5 332
117 7.9197962844712553 -3.0234476968329052 49.319996252375155 71 7 1 1.9365060112155497 5 241 4 379 2 564
119 7.0796695131482208 -1.1743899534639939 58.298628132815608 3 2 4 1.0561164041831115 5 247 4 292
373 1.1378567665808956 -5.7289186403548253 43.385681201128079 21 41 42 2.1605899535711171 4 47 2 80
116 4.0868331863597973 -4.314666251505658 61.259822275193756 24 18 6 1.1415485564723622 5 240 4 555
118 -4.0421575810237194 -0.94678342104563673 47.798878492544645 57 46 24 0.062261293490870562 5 246 4 295
372 -2.7667566323538209 -10.091010865380614 43.085461518029149 179 170 158 1.0750664307574602 4 1180 5 3297 2 2584
115 8.3271478513705048 -3.262350381834259 49.027588086477884 56 3 0 1.1213132153418508 5 239 4 378
371 7.8981651023579378 -2.2604068051948216 50.395522702778109 51 11 6 0.53443393679601836 5 2070 2 1079
114 13.892920331554137 -0.19288729149276551 61.177575232952215 144 129 113 0.17951886370982223 5 238 4 750
370 12.127287390131226 -16.182779942397666 45.192989060814512 223 228 234 0.28241828109244499 5 545 2 713
113 16.036695164646627 -15.397137742200732 43.522643429684436 39 60 77 0.56926171798096314 5 230 4 274 2 224
369 21.769908367753853 -1.8449008534745379 61.011233579637654 56 61 57 1.2686563813820317 4 287 5 245 2 270
112 0.67595782830797901 6.8698118964076489 73.835751832622293 69 65 54 1.3496579062267922 5 227 4 306
368 0.37580927124722119 3.6935784483510083 66.518116897135897 64 113 98 0.49369299129563016 5 4460 4 2811
111 10.786367342720439 -27.912788706750607 49.893466932322269 3 14 32 0.46966424712579535 5 222 4 261
367 0.54157391267135391 3.4195099214655 65.37321590297347 61 120 114 0.59662064182417907 5 4421 4 2814
110 9.7811186052475527 -28.557385305596394 50.409976944710564 54 60 72 0.25649694372921361 5 221 4 260
366 16.768901948642757 -6.5281090070738506 59.730544971430533 152 143 134 0.60770699491224589 5 4236 4 2244
109 5.0165136173081262 11.107109224894216 68.338052938486783 41 25 11 1.6210148891891734 5 219 4 307 2 252
365 4.0365011371866775 -13.53772066346361 39.837856360213344 81 63 91 2.1037944910566608 5 3711 4 3272
108 13.402557224219112 -18.513230993683873 43.837473797081337 88 72 84 1.4690186096014068 5 218 4 447 2 370
364 6.8639628187019186 -16.387730285709711 47.816624123359418 199 117 123 1.7829429074252758 5 3707 4 3319
107 15.481952275507933 -10.303017901864642 47.241489326140041 9 14 18 0.86611679844062284 5 215 4 849
363 3.6657849315024782 -12.485728037545076 38.744860091627139 11 0 32 0.86245686203604022 5 3347 4 1343
106 -0.85395578649090087 -9.0848604339248791 41.630754279858429 71 34 39 0.91229360848650876 5 214 4 311 2 92
362 6.8456651385213538 -16.489469640865579 47.825419272110516 95 38 37 1.8859007519790794 5 3320 4 2597
105 2.4135738843304728 -10.757360989072358 44.470081363156247 106 3 18 0.60699199170917528 5 212 4 309
345 20.255567922969089 6.012833249663597 61.06811647657409 87 75 63 0.9136119777041658 5 2103 4 1010
88 -0.079095107595717362 -5.1467644352686222 39.590479456040505 59 111 107 1.4522171463517635 5 175 4 328
344 19.486735889265944 7.2794596271273928 64.72747238015755 11 12 6 0.79102639483093595 5 2101 4 2048
87 5.3006982706202193 -6.2675186369266225 44.255242968126375 69 144 151 1.1487768058675607 5 172 4 213
343 0.94403400716444685 -3.8793457217468559 42.897342798440484 0 7 11 0.32192364741593893 5 2054 4 1543
86 16.121701668957318 2.0557546058135179 61.29051476914465 74 66 62 0.6800577622945968 5 169 4 122
342 -2.7371092129332286 -12.390697457733591 40.134436161622347 120 116 114 0.066713787716711409 5 1951 4 1620
85 11.281988632689174 2.4418157420006437 78.485119132109489 133 123 111 2.1202696095439215 5 167 4 301
341 12.867191674234959 -13.789617307118926 42.904566640508889 135 35 43 2.3633406758507065 5 1924 4 1340
84 19.28514811751683 2.7255713886363351 65.167504788458174 113 70 25 0.83117512518555381 5 166 4 194 2 160
340 10.439152658052908 -27.078997299488037 47.826627757682573 106 111 115 1.1041856558998673 5 1865 4 3115
83 18.02965687572971 4.2379511066729503 64.238772374467445 71 65 64 2.1059539710305253 5 164 4 198 2 108
339 11.922090689328126 -23.099060570493233 51.654978450008734 117 125 148 0.47847339760090568 5 1838 4 3132
82 22.771564001177357 5.5429171339079524 70.105028293963628 125 84 22 2.3596286541080445 5 163 4 200 2 107
338 1.0469891648684868 -7.9735891686551508 41.036323001653656 234 121 123 2.0464311857904374 5 1764 4 2204
81 2.9710797692400228 6.1623745145883921 69.392218386381813 133 63 38 1.3460742763748452 5 162 4 202 2 111
337 1.5978335787026787 -7.5882865947790279 39.126362087571167 166 84 96 1.9485259891035183 5 1762 4 1204
80 19.415624190242962 7.0596107238757044 68.839003118526506 25 13 7 1.0008653183062513 5 161 4 142
336 4.3882998427086513 -8.600352192409364 43.966592126094618 10 0 2 0.11876776656475094 5 1760 4 2960
79 20.149751619188827 7.8660371470216983 66.506457121715869 27 14 8 0.64336469569496868 5 160 4 163 2 118
335 -1.6472617011902138 -7.5599073511472774 39.81422824027036 67 94 123 0.017425228724526468 5 1756 4 1486
78 1.5795833608454899 8.8788511616512054 71.387190301932691 66 58 43 0.90699734078382332 5 159 4 203 2 154
334 24.543285210703772 0.067958335514717527 64.608521343026936 171 164 156 1.0768054614929734 5 1629 4 755
77 3.1825191410690037 9.8257718517545367 68.693975321694921 90 81 66 0.49310353128200124 5 158 4 204
333 -5.4845939865072078 -3.7554549688126642 36.482225223630628 24 33 37 1.3584898700873915 5 1604 4 2032
76 6.2235695476057264 -5.8888774400160502 41.905454269013141 87 215 216 0.22639594828081977 5 155 4 212
332 -0.17491537584504258 -3.7064689724785449 43.464375481811416 98 176 178 0.037029911025612025 5 1580 4 1057
75 14.500478393648056 -21.730356921717963 41.639089541918267 58 58 58 0.92002318128909644 5 153 4 168
331 10.912467354514323 -4.7097415341227622 48.775435898000019 62 9 5 2.1175362514421447 5 1576 4 1069 2 2429
74 13.751481669975689 -14.050623501168669 42.086470954975603 199 103 110 1.5652884814783108 5 143 4 275
330 -4.9506481401072291 -3.1525806121686291 41.525902044325186 32 122 123 2.0885289662758284 5 1570 4 1383
73 5.5202291560883463 -12.28678540490554 42.455216012776468 40 7 12 0.0033026731642712935 5 141 4 152
329 9.9592472958792246 -6.4767454517123682 42.14799256436654 13 19 41 2.3185466940790445 5 1530 4 3991
72 2.1651128489324596 -13.023888641923882 48.47196037565508 105 10 4 0.46440941696538418 5 137 4 155
328 4.267432302766121 1.9818454998798827 53.819091943833065 0 0 2 0.20562791992036447 5 1483 4 1017
71 8.290604011996983 -9.4975335585596916 37.805859942463336 240 255 253 0.22459287263293293 5 135 4 147 2 114
327 1.785543231422164 1.6072839426344352 63.153175536991824 0 79 88 1.6994481681667624 5 1479 4 1447
70 15.433347865500192 -9.6494769090433845 41.865300871767253 159 167 177 0.47131896267051232 5 132 4 159
326 25.28094005222221 1.561757818019438 64.766278726082646 52 59 52 1.6233694586934362 5 1478 4 2893
69 5.7837240725349286 -9.7589832734346889 43.013738989059696 103 92 151 1.0046951656397123 5 131 4 164 2 94
325 7.4837031050326495 0.756231545568959 65.296032357641295 84 121 124 0.70440366576776769 5 1470 4 1431
68 10.356220169720839 -8.8328343760427916 40.837055898000699 193 226 243 0.51613159031651579 5 129 4 248
324 2.0887612664595752 0.69316868040663915 62.480106731566792 0 10 22 0.61243077485942066 5 1467 4 964
67 8.6930736783473783 -8.0912652054029195 38.280148766508397 89 96 85 1.098966230623468 5 128 4 253 2 201
323 21.998455254068777 18.696900182052762 54.01709573517693 151 158 151 0.2430342280246133 5 1439 4 1006
66 2.6453846360036519 -6.3436552525305929 39.010754908927531 181 214 224 1.1478319153869063 5 125 4 210
322 25.554174147873876 5.3387840355448155 67.094376766078469 109 105 102 0.54356840450030319 5 1435 4 2106
65 9.6316097269938581 3.0895969376844503 73.172590757736998 55 71 54 1.2055992878464972 5 121 4 196
321 20.993412877067719 -2.3816021886983778 61.948141656331032 40 50 51 1.0039566944238369 5 1423 4 1951 2 1669
64 3.6092673212981907 -6.5953995749127525 39.955045536728484 230 251 254 0.22798952801077477 5 119 4 98
320 15.819489273726081 0.45161887387720934 63.139954804790207 65 58 48 0.36025563431189822 5 1418 4 1361
63 7.1005568608579939 -6.2922985773337032 41.24926424836147 6 123 122 1.1104681656234374 5 118 4 99 2 167
319 7.7835090268118883 -3.0184887238816689 46.437853657682346 54 4 0 1.8085317664472007 5 1403 4 2014
62 9.9937860794196265 -6.0676278657237877 42.660778047412606 12 10 31 0.61262975349834081 5 117 4 125
318 15.439103532401351 0.39769993965399197 63.035476307102044 30 27 26 0.69124785779491427 5 1399 4 973
61 -4.3739896932125184 -4.4520115074062456 37.337212141634204 55 56 61 1.7326725789891444 5 116 4 114 2 229
317 12.674275757037744 0.24747741368656939 59.182797421974364 155 127 116 0.53509345723864343 5 1396 4 1360
60 -5.1892737800955677 -4.0050976401801153 35.730294262709577 35 44 47 1.1547186705242463 5 114 4 131
316 -2.7380194102734849 -13.036433497972043 41.753335640572651 120 115 114 0.23177450804648425 5 1356 4 1311
59 10.014284855056269 -5.4985436007816837 47.097932372279146 57 11 11 1.6310317394645972 5 112 4 216
128 17.71478385618909 3.4626220509246659 60.657909471356625 41 19 8 2.4826598191730325 5 257 4 417
129 10.129317130326188 -3.685828750098489 49.079884884103514 49 0 0 0.59273223172753964 5 259 4 296
130 1.5960364310616391 -8.6183111946959858 41.734737602278372 163 38 42 0.82902552207565394 5 260 4 314
131 13.170551028113341 -8.7529036558050901 43.583047648428071 10 5 1 0.026727089944633672 5 261 4 351
132 6.8967111937126857 -7.1882648665505595 40.604090713407629 220 232 255 0.65789006622370161 5 262 4 318
133 3.7408466775122906 -6.2858208973887963 41.307552748720134 29 34 40 1.2459186328259511 5 264 4 211
134 2.6500858831553766 -9.0108330137427259 42.0396666403689 160 47 65 0.57915604642128771 5 265 4 189
135 17.215561296569408 -6.9123157266948621 53.610576892637802 7 8 10 0.96551712029401082 5 268 4 401 2 263
136 8.9128061890362869 -5.2052640145060352 45.266046761969989 164 175 169 0.64704233014423762 5 269 4 330
137 7.6682960988220117 -3.3784599134773687 47.764320992322823 144 122 109 0.087902179599191971 5 270 4 284
138 -5.6760646601575084 -3.0408825490022791 42.156213244740407 243 255 253 0.66492062853644629 5 271 4 224
139 14.335693408483479 -4.6528283725010748 53.611580668083469 77 24 16 1.7902535466903224 5 272 4 332
140 12.822573202485874 -20.083004747852055 42.828054542678757 116 27 44 0.061842654663344689 5 276 2 217
141 13.331087391127856 -20.751458593302388 42.286518385799916 66 11 18 0.22924272276997126 5 288 2 645
