# Camera list with one line of data per camera:
#   CAMERA_ID, MODEL, WIDTH, HEIGHT, PARAMS[]
# Number of cameras: 55
59 SIMPLE_PINHOLE 1080 1920 445.54171545572211 540 960
58 SIMPLE_PINHOLE 1080 1920 476.06683543764012 540 960
57 SIMPLE_PINHOLE 1080 1920 531.46611466903562 540 960
56 SIMPLE_PINHOLE 1080 1920 883.52521697202974 540 960
55 SIMPLE_PINHOLE 1080 1920 883.60226466257245 540 960
54 SIMPLE_PINHOLE 1080 1920 884.11405564091342 540 960
53 SIMPLE_PINHOLE 1080 1920 885.44328635337672 540 960
52 SIMPLE_PINHOLE 1080 1920 689.00258422824993 540 960
46 SIMPLE_PINHOLE 1080 1920 887.13227397414096 540 960
45 SIMPLE_PINHOLE 1080 1920 894.27741789198433 540 960
44 SIMPLE_PINHOLE 1080 1920 893.07734465171745 540 960
43 SIMPLE_PINHOLE 1080 1920 892.42731040220451 540 960
42 SIMPLE_PINHOLE 1080 1920 897.02917024702481 540 960
41 SIMPLE_PINHOLE 1080 1920 915.13804772525748 540 960
40 SIMPLE_PINHOLE 1080 1920 919.50552182286697 540 960
39 SIMPLE_PINHOLE 1080 1920 887.3038269360294 540 960
38 SIMPLE_PINHOLE 1080 1920 884.7691231015009 540 960
37 SIMPLE_PINHOLE 1080 1920 892.37790209472155 540 960
36 SIMPLE_PINHOLE 1080 1920 890.65155873053868 540 960
35 SIMPLE_PINHOLE 1080 1920 885.16966443596834 540 960
34 SIMPLE_PINHOLE 1080 1920 883.0701472891451 540 960
33 SIMPLE_PINHOLE 1080 1920 882.11514605394518 540 960
32 SIMPLE_PINHOLE 1080 1920 884.03643742121562 540 960
31 SIMPLE_PINHOLE 1080 1920 882.71347722882751 540 960
30 SIMPLE_PINHOLE 1080 1920 888.3589547711822 540 960
13 SIMPLE_PINHOLE 1080 1920 897.29789512622267 540 960
12 SIMPLE_PINHOLE 1080 1920 886.54866936074882 540 960
11 SIMPLE_PINHOLE 1080 1920 889.62226786778956 540 960
10 SIMPLE_PINHOLE 1080 1920 892.93645360904623 540 960
9 SIMPLE_PINHOLE 1080 1920 894.63692488786307 540 960
8 SIMPLE_PINHOLE 1080 1920 892.34645406330321 540 960
7 SIMPLE_PINHOLE 1080 1920 888.20781209689505 540 960
6 SIMPLE_PINHOLE 1080 1920 884.18512982727043 540 960
5 SIMPLE_PINHOLE 1080 1920 883.08883061612642 540 960
4 SIMPLE_PINHOLE 1080 1920 889.10242630429582 540 960
3 SIMPLE_PINHOLE 1080 1920 889.16105539801799 540 960
2 SIMPLE_PINHOLE 1080 1920 889.06908096116979 540 960
60 SIMPLE_PINHOLE 1080 1920 352.81946796152863 540 960
1 SIMPLE_PINHOLE 1080 1920 885.04156670718987 540 960
14 SIMPLE_PINHOLE 1080 1920 884.04203910248702 540 960
15 SIMPLE_PINHOLE 1080 1920 886.34146041799306 540 960
16 SIMPLE_PINHOLE 1080 1920 888.66654042150731 540 960
17 SIMPLE_PINHOLE 1080 1920 892.62157142947319 540 960
18 SIMPLE_PINHOLE 1080 1920 888.0916349357733 540 960
19 SIMPLE_PINHOLE 1080 1920 886.68521538323125 540 960
20 SIMPLE_PINHOLE 1080 1920 887.83880528503323 540 960
21 SIMPLE_PINHOLE 1080 1920 889.14544150091581 540 960
22 SIMPLE_PINHOLE 1080 1920 888.10832204118287 540 960
23 SIMPLE_PINHOLE 1080 1920 886.82589619269311 540 960
24 SIMPLE_PINHOLE 1080 1920 890.72475791365491 540 960
25 SIMPLE_PINHOLE 1080 1920 884.26645944426161 540 960
26 SIMPLE_PINHOLE 1080 1920 885.18538138606561 540 960
27 SIMPLE_PINHOLE 1080 1920 883.58243143761717 540 960
28 SIMPLE_PINHOLE 1080 1920 894.36400102189282 540 960
29 SIMPLE_PINHOLE 1080 1920 893.21532356058322 540 960
